CONFIG 8 1 1 0 1
WINZONE 22.4 14.4 2 2
WALL 12 24 30 0.5 1 0 0 2 0.5 2 0 -1 0 0 0 0 0 0 0 0 0 3 0 0 0 3 3 0
WALL 12 0 30 0.5 2 1 0 2 0.5 2 0 -1 0 0 0 0 0 0 0 0 0 3 0 0 0 3 3 0
WALL 0 12 0.5 30 3 2 0 2 0.5 2 0 -1 0 0 0 0 0 0 0 0 0 3 0 0 0 3 3 0
WALL 24 12 0.5 29.8 4 3 0 2 0.5 2 0 -1 0 0 0 0 0 0 0 0 0 3 0 0 0 3 3 0
WALL 12 20 10 1 1 0 0 2 0.5 2 0 -1 0 0 0 0 0 0 0 0 0 3 0 0 1 20 20 1
RACER 0 11.9467 13.2333 -8 -8 0 0
RACER 1 10.8333 2.33675 -8 -8 0 0
RACER 2 1.78663 16.0868 8 -8 0 0
RACER 3 10.5333 21.9166 -8 8 0 0
