CONFIG 8 1 1 0
WINZONE 7.7 11.6 2.5 2.5
WALL 12 24 30 0.5 1 7 1 5 0.9 1 1 4 0 0 0 0
WALL 12 0 30 0.5 2 0 0 2 0.5 2 0 -1 0 0 0 0
WALL 0 12 0.5 30 3 0 0 2 0.5 2 0 -1 0 0 0 0
WALL 24 12 0.5 30 4 7 1 15 1.5 0 1 7 0 0 0 0
WALL 6.7 16.8 13 1 5 0 0 2 0.5 2 0 -1 0 0 0 0
WALL 19.8 16.8 8 1 6 0 0 2 0.5 2 0 -1 0 0 0 0
WALL 12.7 11.35 1 10 7 0 0 2 0.5 2 0 -1 0 0 0 0
WALL 16.3 9.35 1 14 8 0 0 2 0.5 2 0 -1 0 0 0 0
WALL 7.25 6.85 10 1 1 0 0 2 0.5 2 0 -1 0 0 0 0
WALL 2.75 10.55 1 6.5 2 0 0 2 0.5 2 0 -1 0 0 0 0
WALL 2.75 15.85 1 1 3 0 0 2 0.5 2 0 -1 0 0 0 0
WALL 17.3 13.4 1 1 0 5 0 2 0.5 2 0 -1 0 1 1.5708 1
WALL 17.3 14.5 1 1 0 5 0 2 0.5 2 0 -1 0 1 1.5708 1
WALL 17.3 15.6 1 1 0 5 0 2 0.5 2 0 -1 0 1 1.5708 1
WALL 17.3 12.3 1 1 0 5 0 2 0.5 2 0 -1 0 1 1.5708 1
WALL 17.3 11.2 1 1 0 5 0 2 0.5 2 0 -1 0 1 1.5708 1
WALL 17.3 10.1 1 1 0 5 0 2 0.5 2 0 -1 0 1 1.5708 1
WALL 12.95 20.5 0.5 6.45 8 2 0 2 0.5 2 0 -1 0 0 0 0
WALL 6.75 -0.25 13 0.5 5 7 1 27 0.5 1 1 8 0 0 0 0
WALL 14.5 24 2.6 0.5 1 0 1 5 0.9 1 0 -1 0 0 0 0
RACER 0 8.267 21.667 8 8 0 0
RACER 1 4.067 20.467 8 8 0 0
RACER 2 6.467 21.167 8 8 0 0
RACER 3 8.113 19.767 -8 8 0 0
