CONFIG 15 1 1 0
WINZONE 24 19.2 2 2
WALL 12 24 30 0.5 1 0 0 2 0.5 2 0 -1 0 0 0 0
WALL 12 0 30 0.5 2 0 0 2 0.5 2 0 -1 0 0 0 0
WALL 0 12 0.5 30 3 0 0 2 0.5 2 0 -1 0 0 0 0
WALL 24 12 0.5 30 4 0 0 2 0.5 2 0 -1 0 0 0 0
WALL 5.2 23.3 10 1 1 0 0 2 0.5 2 0 -1 0 0 0 0
WALL 4.2 21.3 8 1 1 0 0 2 0.5 2 0 -1 0 0 0 0
WALL 3.2 19.3 6 1 1 0 0 2 0.5 2 0 -1 0 0 0 0
WALL 2.2 17.3 4 1 1 0 0 2 0.5 2 0 -1 0 0 0 0
WALL 2.2 15.3 4 1 1 0 0 2 0.5 2 0 -1 0 0 0 0
WALL 0.75 22.3 1 1 0 5 0 2 0.5 2 0 -1 0 1 1.5708 1
WALL 0.75 20.3 1 1 0 5 0 2 0.5 2 0 -1 0 1 1.5708 1
WALL 0.75 18.3 1 1 0 5 0 2 0.5 2 0 -1 0 1 1.5708 1
WALL 0.75 16.3 1 1 0 5 0 2 0.5 2 0 -1 0 1 1.5708 1
RACER 0 4.8 12 15 15 0 0
RACER 1 9.6 12 15 15 0 0
RACER 2 14.4 12 15 15 0 0
RACER 3 19.2 12 15 15 0 0
