CONFIG 5 1 1 0 1
WINZONE 19.9 1.3 2 2
WALL 12 24 30 0.5 1 7 1 2 0.9 1 0 -1 0 0 0 0 0 0 0 0 0 3 0 0
WALL 12 0 30 0.5 2 0 0 2 0.5 2 0 -1 0 0 0 0 0 0 0 0 0 3 0 0
WALL 0 12 0.5 30 3 0 0 2 0.5 2 0 -1 0 0 0 0 0 0 0 0 0 3 0 0
WALL 24 12 0.5 30 4 0 0 2 0.5 2 0 -1 0 0 0 0 0 0 0 0 0 3 0 0
WALL 1.2 17.8 1 12 5 0 0 2 0.5 2 0 -1 0 0 0 0 0 0 0 0 0 3 0 0
WALL 6.6 17.8 1 12 5 0 0 2 0.5 2 0 -1 0 0 0 0 0 0 0 0 0 3 0 0
WALL 12 17.8 1 12 5 0 0 2 0.5 2 0 -1 0 0 0 0 0 0 0 0 0 3 0 0
WALL 17.4 17.8 1 12 5 0 0 2 0.5 2 0 -1 0 0 0 0 0 0 0 0 0 3 0 0
WALL 22.8 17.8 1 12 5 0 0 2 0.5 2 0 -1 0 0 0 0 0 0 0 0 0 3 0 0
WALL 18.76 11.3 10 1 1 8 0 2 0.5 2 0 -1 0 0 0 0 1 5.2 11.3 18.76 11.3 3.3 0 0
WALL 3.9 7.7 4 1 1 0 0 2 0.5 2 0 -1 0 0 0 0 0 0 0 0 0 3 0 0
WALL 9.3 7.7 4 1 1 0 0 2 0.5 2 0 -1 0 0 0 0 0 0 0 0 0 3 0 0
WALL 14.7 7.7 4 1 1 0 0 2 0.5 2 0 -1 0 0 0 0 0 0 0 0 0 3 0 0
WALL 20.1 7.7 4 1 1 0 0 2 0.5 2 0 -1 0 0 0 0 0 0 0 0 0 3 0 0
WALL 18.38 1.3 0.5 2.1 1 6 0 2 0.5 2 0 -1 0 0 0 0 0 0 0 0 0 3 0 0
WALL 21.4 1.3 0.5 2.1 1 6 0 2 0.5 2 0 -1 0 0 0 0 0 0 0 0 0 3 0 0
WALL 23 2.9 1.5 0.5 1 8 0 2 0.5 2 0 -1 0 0 0 0 1 18.88 2.9 23 2.9 10 0 0
RACER 0 4 23.3 7.998 7.998 0 0
RACER 1 9.4 23.2 8 8 0 0
RACER 2 14.7 23.1 7.996 7.996 0 0
RACER 3 20.1 23 8 8 0 0
