CONFIG 8 1 1 0 1
WINZONE 20.75 2.9 2 2 1 
WALL 12 24 30 0.5 1 0 0 2 0.5 2 0 -1 0 0 0 0 0 0 0 0 0 3 0 0 0 3 3 0
WALL 12 0 30 0.5 2 0 0 2 0.5 2 0 -1 0 0 0 0 0 0 0 0 0 3 0 0 0 3 3 0
WALL 0 12 0.5 30 3 0 0 2 0.5 2 0 -1 0 0 0 0 0 0 0 0 0 3 0 0 0 3 3 0
WALL 24 12 0.5 30 4 0 0 2 0.5 2 0 -1 0 0 0 0 0 0 0 0 0 3 0 0 0 3 3 0
WALL 13.8 7.3 20 1 8 0 0 2 0.5 2 0 -1 0 0 0 0 0 0 0 0 0 3 0 0 0 3 3 0
WALL 10.2 12.3 20 1 7 0 0 2 0.5 2 0 -1 0 0 0 0 0 1 1 1 1 3 0 0 0 3 3 0
WALL 13.8 17.3 20 2 6 0 0 2 0.5 2 0 -1 0 0 0 0 0 2 2 2 2 3 0 0 0 3 3 0
WALL 10.2 22.8 20 2 5 0 0 2 0.5 2 0 -1 0 0 0 0 0 3 3 3 3 3 0 0 0 3 3 0
WALL 13.05 6.37 18.5 1 8 0 0 2 0.5 2 0 -1 0 0 0 0 0 0 0 0 0 3 0 0 0 3 3 0
WALL 23 6.4 1 0.8 1 5 0 2 0.5 2 0 -1 0 1 0 1 0 0 0 0 0 3 0 0 0 3 3 0
WALL 10.95 11.37 18.5 1 1 0 0 2 0.5 2 0 -1 0 0 0 0 0 0 0 0 0 3 0 0 0 3 3 0
WALL 1 11.4 1 0.8 1 5 0 2 0.5 2 0 -1 0 1 0 1 0 1 1 1 1 3 0 0 0 3 3 0
WALL 22 11.83 3.6 1.95 1 3 0 2 0.5 2 0 -1 0 0 0 0 0 1 1 1 1 3 0 0 1 16 16 1
WALL 2 17.3 3.6 2 1 3 0 2 0.5 2 0 -1 0 0 0 0 0 2 2 2 2 3 0 0 1 8 8 1
WALL 2 6.83 3.6 1.96 1 3 0 2 0.5 2 0 -1 0 0 0 0 0 2 2 2 2 3 0 0 1 24 24 1
WALL 24.3 20 0.5 3.55 1 7 1 2 10 0 1 2 0 0 0 0 0 0 0 0 0 3 0 0 0 3 3 0
WALL -0.3 14.6 0.5 3.55 1 7 1 6.2 5.5 0 1 3 0 0 0 0 0 1 1 1 1 3 0 0 0 3 3 0
WALL 21 4.3 2.8 0.5 1 6 0 2 0.5 2 0 -1 0 0 0 0 0 0 0 0 0 3 0 0 0 3 3 0
WALL 21 1.5 2.8 0.5 1 6 0 2 0.5 2 0 -1 0 0 0 0 0 1 1 1 1 3 0 0 0 3 3 0
WALL 22.15 2.9 0.5 2.3 1 6 0 2 0.5 2 0 -1 0 0 0 0 0 2 2 2 2 3 0 0 0 3 3 0
WALL 24.3 9.3 0.5 3.1 1 7 1 15.2 4.7 0 1 2 0 0 0 0 0 1 1 1 1 3 0 0 0 3 3 0
WALL -0.8 11.37 1.5 1 1 4 0 0 6 0 1 10 0 0 0 0 0 0 0 0 0 3 0 0 0 3 3 0
WALL 2 24.5 3.6 1 1 7 0 25 6 1 0 -1 0 0 0 0 0 0 0 0 0 3 0 0 0 3 3 0
WALL -0.5 3 1 5.7 1 7 1 32.2 4.5 0 0 3 36 0 0 0 0 2 2 2 2 3 0 0 0 3 3 0
RACER 0 21.6 23.3 8 8 0 0
RACER 1 21.6 22.3 8 8 0 0
RACER 2 21.6 20.3 8 8 0 0
RACER 3 21.6 21.3 8 8 0 0
